1.000000000000000000e+00,2.500000000000000000e-01,7.500000000000000000e-01,7.500000000000000000e-01,6.708203932499369193e-01,2.500000000000000000e-01,5.000000000000000000e-01,2.500000000000000000e-01,2.500000000000000000e-01,7.500000000000000000e-01,2.500000000000000000e-01,0.000000000000000000e+00,2.500000000000000000e-01,2.500000000000000000e-01,2.500000000000000000e-01,6.708203932499369193e-01,2.236067977499789639e-01,4.472135954999579277e-01,4.472135954999579277e-01,4.472135954999579277e-01,4.472135954999579277e-01,2.236067977499789639e-01,2.236067977499789639e-01,2.041241452319315364e-01,4.472135954999579277e-01,4.472135954999579277e-01,6.708203932499369193e-01,4.472135954999579277e-01,4.472135954999579277e-01,2.236067977499789639e-01,4.472135954999579277e-01,4.472135954999579277e-01,2.236067977499789639e-01,2.236067977499789639e-01,2.236067977499789639e-01,4.472135954999579277e-01,4.472135954999579277e-01,2.236067977499789639e-01,4.472135954999579277e-01,2.236067977499789639e-01,4.472135954999579277e-01,4.472135954999579277e-01,2.236067977499789639e-01,2.236067977499789639e-01,4.472135954999579277e-01,4.472135954999579277e-01,4.472135954999579277e-01,4.472135954999579277e-01,4.472135954999579277e-01,4.472135954999579277e-01
2.500000000000000000e-01,1.000000000000000000e+00,2.500000000000000000e-01,2.500000000000000000e-01,2.236067977499789639e-01,2.500000000000000000e-01,5.000000000000000000e-01,2.500000000000000000e-01,5.000000000000000000e-01,2.500000000000000000e-01,2.500000000000000000e-01,5.000000000000000000e-01,0.000000000000000000e+00,5.000000000000000000e-01,5.000000000000000000e-01,2.236067977499789639e-01,2.236067977499789639e-01,2.236067977499789639e-01,2.236067977499789639e-01,2.236067977499789639e-01,2.236067977499789639e-01,4.472135954999579277e-01,2.236067977499789639e-01,6.123724356957945814e-01,4.472135954999579277e-01,2.236067977499789639e-01,2.236067977499789639e-01,2.236067977499789639e-01,2.236067977499789639e-01,4.472135954999579277e-01,2.236067977499789639e-01,4.472135954999579277e-01,6.708203932499369193e-01,4.472135954999579277e-01,4.472135954999579277e-01,4.472135954999579277e-01,4.472135954999579277e-01,4.472135954999579277e-01,2.236067977499789639e-01,2.236067977499789639e-01,2.236067977499789639e-01,2.236067977499789639e-01,4.472135954999579277e-01,2.236067977499789639e-01,2.236067977499789639e-01,2.236067977499789639e-01,2.236067977499789639e-01,2.236067977499789639e-01,6.708203932499369193e-01,4.472135954999579277e-01
7.500000000000000000e-01,2.500000000000000000e-01,1.000000000000000000e+00,1.000000000000000000e+00,6.708203932499369193e-01,2.500000000000000000e-01,5.000000000000000000e-01,2.500000000000000000e-01,2.500000000000000000e-01,7.500000000000000000e-01,5.000000000000000000e-01,0.000000000000000000e+00,2.500000000000000000e-01,2.500000000000000000e-01,2.500000000000000000e-01,6.708203932499369193e-01,2.236067977499789639e-01,4.472135954999579277e-01,4.472135954999579277e-01,4.472135954999579277e-01,4.472135954999579277e-01,2.236067977499789639e-01,2.236067977499789639e-01,2.041241452319315364e-01,4.472135954999579277e-01,4.472135954999579277e-01,6.708203932499369193e-01,4.472135954999579277e-01,4.472135954999579277e-01,2.236067977499789639e-01,4.472135954999579277e-01,6.708203932499369193e-01,2.236067977499789639e-01,2.236067977499789639e-01,2.236067977499789639e-01,4.472135954999579277e-01,6.708203932499369193e-01,2.236067977499789639e-01,4.472135954999579277e-01,2.236067977499789639e-01,4.472135954999579277e-01,4.472135954999579277e-01,2.236067977499789639e-01,2.236067977499789639e-01,4.472135954999579277e-01,4.472135954999579277e-01,4.472135954999579277e-01,4.472135954999579277e-01,4.472135954999579277e-01,4.472135954999579277e-01
7.500000000000000000e-01,2.500000000000000000e-01,1.000000000000000000e+00,1.000000000000000000e+00,6.708203932499369193e-01,2.500000000000000000e-01,5.000000000000000000e-01,2.500000000000000000e-01,2.500000000000000000e-01,7.500000000000000000e-01,5.000000000000000000e-01,0.000000000000000000e+00,2.500000000000000000e-01,2.500000000000000000e-01,2.500000000000000000e-01,6.708203932499369193e-01,2.236067977499789639e-01,4.472135954999579277e-01,4.472135954999579277e-01,4.472135954999579277e-01,4.472135954999579277e-01,2.236067977499789639e-01,2.236067977499789639e-01,2.041241452319315364e-01,4.472135954999579277e-01,4.472135954999579277e-01,6.708203932499369193e-01,4.472135954999579277e-01,4.472135954999579277e-01,2.236067977499789639e-01,4.472135954999579277e-01,6.708203932499369193e-01,2.236067977499789639e-01,2.236067977499789639e-01,2.236067977499789639e-01,4.472135954999579277e-01,6.708203932499369193e-01,2.236067977499789639e-01,4.472135954999579277e-01,2.236067977499789639e-01,4.472135954999579277e-01,4.472135954999579277e-01,2.236067977499789639e-01,2.236067977499789639e-01,4.472135954999579277e-01,4.472135954999579277e-01,4.472135954999579277e-01,4.472135954999579277e-01,4.472135954999579277e-01,4.472135954999579277e-01
6.708203932499369193e-01,2.236067977499789639e-01,6.708203932499369193e-01,6.708203932499369193e-01,9.999999999999998890e-01,2.236067977499789639e-01,4.472135954999579277e-01,2.236067977499789639e-01,2.236067977499789639e-01,6.708203932499369193e-01,2.236067977499789639e-01,0.000000000000000000e+00,2.236067977499789639e-01,2.236067977499789639e-01,2.236067977499789639e-01,5.999999999999999778e-01,1.999999999999999833e-01,3.999999999999999667e-01,3.999999999999999667e-01,3.999999999999999667e-01,3.999999999999999667e-01,1.999999999999999833e-01,1.999999999999999833e-01,1.825741858350553859e-01,3.999999999999999667e-01,3.999999999999999667e-01,5.999999999999999778e-01,3.999999999999999667e-01,3.999999999999999667e-01,1.999999999999999833e-01,3.999999999999999667e-01,3.999999999999999667e-01,1.999999999999999833e-01,1.999999999999999833e-01,1.999999999999999833e-01,3.999999999999999667e-01,3.999999999999999667e-01,1.999999999999999833e-01,3.999999999999999667e-01,1.999999999999999833e-01,3.999999999999999667e-01,3.999999999999999667e-01,1.999999999999999833e-01,1.999999999999999833e-01,3.999999999999999667e-01,3.999999999999999667e-01,3.999999999999999667e-01,3.999999999999999667e-01,3.999999999999999667e-01,3.999999999999999667e-01
2.500000000000000000e-01,2.500000000000000000e-01,2.500000000000000000e-01,2.500000000000000000e-01,2.236067977499789639e-01,1.000000000000000000e+00,0.000000000000000000e+00,0.000000000000000000e+00,2.500000000000000000e-01,2.500000000000000000e-01,0.000000000000000000e+00,5.000000000000000000e-01,2.500000000000000000e-01,0.000000000000000000e+00,0.000000000000000000e+00,2.236067977499789639e-01,0.000000000000000000e+00,0.000000000000000000e+00,0.000000000000000000e+00,0.000000000000000000e+00,0.000000000000000000e+00,2.236067977499789639e-01,0.000000000000000000e+00,2.041241452319315364e-01,4.472135954999579277e-01,0.000000000000000000e+00,2.236067977499789639e-01,0.000000000000000000e+00,0.000000000000000000e+00,2.236067977499789639e-01,0.000000000000000000e+00,0.000000000000000000e+00,2.236067977499789639e-01,2.236067977499789639e-01,2.236067977499789639e-01,4.472135954999579277e-01,4.472135954999579277e-01,2.236067977499789639e-01,0.000000000000000000e+00,0.000000000000000000e+00,0.000000000000000000e+00,0.000000000000000000e+00,2.236067977499789639e-01,0.000000000000000000e+00,0.000000000000000000e+00,0.000000000000000000e+00,0.000000000000000000e+00,0.000000000000000000e+00,4.472135954999579277e-01,4.472135954999579277e-01
5.000000000000000000e-01,5.000000000000000000e-01,5.000000000000000000e-01,5.000000000000000000e-01,4.472135954999579277e-01,0.000000000000000000e+00,1.000000000000000000e+00,2.500000000000000000e-01,2.500000000000000000e-01,5.000000000000000000e-01,2.500000000000000000e-01,2.500000000000000000e-01,2.500000000000000000e-01,5.000000000000000000e-01,5.000000000000000000e-01,4.472135954999579277e-01,2.236067977499789639e-01,4.472135954999579277e-01,4.472135954999579277e-01,4.472135954999579277e-01,4.472135954999579277e-01,2.236067977499789639e-01,2.236067977499789639e-01,4.082482904638630727e-01,2.236067977499789639e-01,4.472135954999579277e-01,4.472135954999579277e-01,4.472135954999579277e-01,4.472135954999579277e-01,2.236067977499789639e-01,4.472135954999579277e-01,6.708203932499369193e-01,4.472135954999579277e-01,2.236067977499789639e-01,2.236067977499789639e-01,2.236067977499789639e-01,2.236067977499789639e-01,2.236067977499789639e-01,4.472135954999579277e-01,2.236067977499789639e-01,4.472135954999579277e-01,4.472135954999579277e-01,2.236067977499789639e-01,2.236067977499789639e-01,4.472135954999579277e-01,4.472135954999579277e-01,4.472135954999579277e-01,4.472135954999579277e-01,2.236067977499789639e-01,2.236067977499789639e-01
